81 81 81 81 81 81 81 80 80 80 80 79 79 79 79 78 78 78 78 78 77 77 77 77 77 76 76 76 76 76 75 75 75 75 75 74 74 74 74 74 73 73 73 73 73 73 73 73 73 73
81 81 81 81 81 81 81 81 80 80 80 80 79 79 79 79 78 78 78 78 77 77 77 77 77 77 76 76 76 76 76 75 75 75 75 74 74 74 74 74 74 73 73 73 73 73 73 73 73 73
81 81 81 81 81 81 81 80 80 80 80 79 79 79 79 78 78 78 78 78 77 77 77 77 77 77 76 76 76 76 76 75 75 75 75 75 74 74 74 74 74 73 73 73 73 73 73 73 73 73
81 81 81 81 81 81 81 80 80 80 80 79 79 79 79 79 78 78 78 78 78 77 77 77 77 77 77 76 76 76 76 76 75 75 75 75 75 74 74 74 74 74 74 73 73 73 73 73 73 73
81 81 81 81 81 81 80 80 80 80 80 79 79 79 79 79 78 78 78 78 78 78 77 77 77 77 77 76 76 76 76 76 75 75 75 75 75 74 74 74 74 74 74 74 73 73 73 73 73 73
81 81 81 81 81 81 80 80 80 80 80 79 79 79 79 79 78 78 78 78 78 78 78 77 77 77 77 77 77 76 76 76 76 76 75 75 75 75 75 74 74 74 74 74 74 74 74 74 74 74
81 81 81 81 80 80 80 80 80 80 80 79 79 79 79 79 79 78 78 78 78 78 78 78 77 77 77 77 77 77 77 76 76 76 76 76 75 75 75 75 75 75 74 74 74 74 74 74 74 74
80 80 80 80 80 80 80 80 80 80 79 79 79 79 79 79 79 78 78 78 78 78 78 78 78 78 77 77 77 77 77 77 76 76 76 76 76 76 75 75 75 75 75 75 75 74 74 74 74 74
80 80 80 80 80 80 80 80 79 79 79 79 79 79 79 79 79 79 78 78 78 78 78 78 78 78 78 78 78 77 77 77 77 77 77 76 76 76 76 76 75 75 75 75 75 75 75 75 75 75
80 80 80 80 80 80 80 80 79 79 79 79 79 79 79 79 79 79 79 79 79 78 78 78 78 78 78 78 78 78 78 77 77 77 77 77 77 76 76 76 76 76 76 76 76 75 75 75 75 75
80 80 80 80 80 80 80 79 79 79 79 79 79 79 79 79 79 79 79 79 79 79 79 79 78 78 78 78 78 78 78 78 78 77 77 77 77 77 77 76 76 76 76 76 76 76 76 76 76 76
79 79 79 79 79 79 79 79 79 79 79 79 79 79 79 79 79 79 79 79 79 79 79 79 79 79 79 79 78 78 78 78 78 78 78 77 77 77 77 77 77 77 77 76 76 76 76 76 76 76
79 79 79 79 79 79 79 79 79 79 79 79 79 79 79 79 79 79 79 79 79 79 79 79 79 79 79 79 79 79 79 78 78 78 78 78 78 78 78 77 77 77 77 77 77 77 77 77 77 77
79 79 79 79 79 79 79 79 79 79 79 79 79 79 79 79 79 79 79 79 79 79 79 79 79 79 79 79 79 79 79 79 79 79 78 78 78 78 78 78 78 78 77 77 77 77 77 77 77 77
79 79 79 79 79 79 79 79 79 79 79 79 79 79 79 79 79 79 79 79 79 79 79 79 79 79 79 79 79 79 79 79 79 79 79 79 79 78 78 78 78 78 78 78 78 78 78 78 78 78
78 78 78 78 78 78 78 78 78 78 78 79 79 79 79 79 79 79 79 79 79 79 80 80 80 80 80 80 80 80 80 79 79 79 79 79 79 79 79 79 78 78 78 78 78 78 78 78 78 78
78 78 78 78 78 78 78 78 78 78 78 78 79 79 79 79 79 79 79 79 80 80 80 80 80 80 80 80 80 80 80 80 80 80 79 79 79 79 79 79 79 79 79 79 79 79 78 78 78 78
78 78 78 78 78 78 78 78 78 78 78 78 78 79 79 79 79 79 79 79 80 80 80 80 80 80 80 80 80 80 80 80 80 80 80 80 80 79 79 79 79 79 79 79 79 79 79 79 79 79
77 77 77 78 78 78 78 78 78 78 78 78 78 78 79 79 79 79 79 79 80 80 80 80 80 80 80 80 80 80 80 80 80 80 80 80 80 80 80 80 80 80 79 79 79 79 79 79 79 79
77 77 77 77 77 77 77 78 78 78 78 78 78 78 79 79 79 79 79 80 80 80 80 80 80 80 80 80 80 80 80 80 80 80 80 80 80 80 80 80 80 80 80 80 80 80 80 80 80 80
77 77 77 77 77 77 77 77 78 78 78 78 78 78 79 79 79 79 79 80 80 80 80 80 80 80 80 81 81 81 81 81 80 80 80 80 80 80 80 80 80 80 80 80 80 80 80 80 80 80
77 77 77 77 77 77 77 77 78 78 78 78 78 78 79 79 79 79 79 80 80 80 80 80 81 81 81 81 81 81 81 81 81 81 81 81 81 80 80 80 80 80 80 80 80 80 80 80 80 80
77 77 77 77 77 77 77 77 77 77 78 78 78 78 78 79 79 79 79 80 80 80 80 80 80 81 81 81 81 81 81 81 81 81 81 81 81 81 81 80 80 80 80 80 80 80 80 80 80 80
76 76 76 77 77 77 77 77 77 77 77 78 78 78 78 79 79 79 79 80 80 80 80 80 81 81 81 81 81 81 81 81 81 81 81 81 81 81 81 81 81 80 80 80 80 80 80 80 80 80
76 76 76 76 76 76 77 77 77 77 77 78 78 78 78 78 79 79 79 79 80 80 80 80 80 81 81 81 81 81 81 81 81 81 81 81 81 81 81 81 81 81 81 81 81 81 81 81 81 81
76 76 76 76 76 76 76 77 77 77 77 77 78 78 78 78 79 79 79 79 80 80 80 80 80 81 81 81 81 81 81 81 81 81 81 81 81 81 81 81 81 81 81 81 81 81 81 81 81 81
76 76 76 76 76 76 76 76 77 77 77 77 78 78 78 78 79 79 79 79 80 80 80 80 80 80 81 81 81 81 81 81 81 81 81 81 81 81 81 81 81 81 81 81 81 81 81 81 81 81
76 76 76 76 76 76 76 76 77 77 77 77 78 78 78 78 79 79 79 79 80 80 80 80 80 80 81 81 81 81 81 81 81 81 81 81 81 81 81 81 81 81 81 81 81 81 81 81 81 81
76 76 76 76 76 76 76 76 76 77 77 77 77 78 78 78 78 79 79 79 79 80 80 80 80 80 80 81 81 81 81 81 81 81 81 81 81 81 81 81 81 81 81 81 81 81 81 81 81 81
75 75 76 76 76 76 76 76 76 77 77 77 77 78 78 78 78 79 79 79 79 80 80 80 80 80 80 80 80 80 81 81 80 80 80 80 80 80 80 80 80 80 80 80 81 81 81 81 81 81
75 75 75 76 76 76 76 76 76 77 77 77 77 78 78 78 78 79 79 79 79 80 80 80 80 80 80 80 80 80 80 80 80 80 80 80 80 80 80 80 80 80 80 80 80 80 80 81 81 81
75 75 75 75 75 75 76 76 76 76 76 77 77 77 78 78 78 78 79 79 79 79 79 80 80 80 80 80 80 80 80 80 80 80 80 80 80 80 80 80 80 80 80 80 80 80 80 80 80 80
75 75 75 75 75 76 76 76 76 76 77 77 77 77 78 78 78 78 79 79 79 79 79 79 80 80 80 80 80 80 80 80 80 80 80 80 80 80 80 80 80 80 80 80 80 80 80 80 80 80
75 75 75 75 75 75 76 76 76 76 76 77 77 77 77 78 78 78 78 79 79 79 79 79 79 79 80 80 80 80 80 80 80 79 79 79 79 79 79 79 79 79 79 80 80 80 80 80 80 80
75 75 75 75 75 75 75 76 76 76 76 76 77 77 77 77 78 78 78 78 78 79 79 79 79 79 79 79 79 79 79 79 79 79 79 79 79 79 79 79 79 79 79 79 79 79 79 79 79 79
75 75 75 75 75 75 75 76 76 76 76 76 77 77 77 77 78 78 78 78 78 79 79 79 79 79 79 79 79 79 79 79 79 79 79 79 79 79 79 79 79 79 79 79 79 79 79 79 79 79
75 75 75 75 75 75 75 76 76 76 76 76 76 77 77 77 77 78 78 78 78 78 78 78 78 78 79 79 79 78 78 78 78 78 78 78 78 78 78 78 78 78 78 78 78 78 78 78 78 78
75 75 75 75 75 75 75 75 76 76 76 76 76 77 77 77 77 77 78 78 78 78 78 78 78 78 78 78 78 78 78 78 78 78 78 78 78 78 78 78 78 78 78 78 78 78 78 78 78 78
75 75 75 75 75 75 75 75 76 76 76 76 76 76 77 77 77 77 77 77 78 78 78 78 78 78 78 78 78 78 78 78 78 77 77 77 77 77 77 77 77 77 77 77 77 78 78 78 78 78
75 75 75 75 75 75 75 75 75 76 76 76 76 76 76 77 77 77 77 77 77 77 77 78 78 78 78 78 77 77 77 77 77 77 77 77 77 77 77 77 77 77 77 77 77 77 77 77 77 77
75 75 75 75 75 75 75 75 75 76 76 76 76 76 76 76 77 77 77 77 77 77 77 77 77 77 77 77 77 77 77 77 77 77 77 76 76 76 76 76 76 76 76 76 77 77 77 77 77 77
75 75 75 75 75 75 75 75 75 75 76 76 76 76 76 76 76 76 76 77 77 77 77 77 77 77 77 77 77 77 77 76 76 76 76 76 76 76 76 76 76 76 76 76 76 76 76 76 76 76
75 75 75 75 75 75 75 75 75 75 75 76 76 76 76 76 76 76 76 76 77 77 77 77 77 77 77 76 76 76 76 76 76 76 76 76 76 76 76 76 76 76 76 76 76 76 76 76 76 76
75 75 75 75 75 75 75 75 75 75 75 75 76 76 76 76 76 76 76 76 76 76 76 76 76 76 76 76 76 76 76 76 76 75 75 75 75 75 75 75 75 75 75 75 75 75 75 75 75 75
75 75 75 75 75 75 75 75 75 75 75 75 75 75 76 76 76 76 76 76 76 76 76 76 76 76 76 76 76 75 75 75 75 75 75 75 75 75 75 75 75 75 75 75 75 75 75 75 75 75
75 75 75 75 75 75 75 75 75 75 75 75 75 75 76 76 76 76 76 76 76 76 76 76 76 76 76 76 75 75 75 75 75 75 75 75 74 74 74 74 74 74 74 74 74 74 74 74 74 74
75 75 75 75 75 75 75 75 75 75 75 75 75 75 75 75 75 75 75 75 75 75 75 75 75 75 75 75 75 75 75 75 74 74 74 74 74 74 74 74 74 74 74 74 74 74 74 74 74 74
75 75 75 75 75 75 75 75 75 75 75 75 75 75 75 75 75 75 75 75 75 75 75 75 75 75 75 75 75 75 75 74 74 74 74 74 74 74 74 74 74 74 74 74 74 74 74 74 74 74
75 75 75 75 75 75 75 75 75 75 75 75 75 75 75 75 75 75 75 75 75 75 75 75 75 75 75 75 75 75 75 74 74 74 74 74 74 74 74 74 74 74 74 74 74 74 74 74 74 74
75 75 75 75 75 75 75 75 75 75 75 75 75 75 75 75 75 75 75 75 75 75 75 75 75 75 75 75 75 75 75 74 74 74 74 74 74 74 74 74 74 74 74 74 74 74 74 74 74 74
